# id	left	top	right	bottom	texture_id
[SPRITES]
200000	2	272	57	327	30
210000	2	178	57	265	30
220000	64	276	151	331	30
230000	64	144	135	231	30
240000	64	234	167	273	30
250000	170	196	241	315	30
260000	248	284	367	323	30
270000	248	210	367	281	30
280000	370	212	489	315	30
290000	554	164	609	315	30


# ani_id	sprite1_id	time1	sprite2_id	time2	...
[ANIMATIONS]
20000	200000	1000
21000	210000	1000
22000	220000	1000
23000	230000	1000
24000	240000	1000
25000	250000	1000
26000	260000	1000
27000	270000	1000
28000	280000	1000
29000	290000	1000