# id	left	top	right	bottom	texture_id
[SPRITES]
710010	20	42	35	57	60
710020	37	42	52	57	60
710030	54	42	69	57	60
710040	71	42	86	57	60
710050	88	42	103	57	60
710060	105	42	120	57	60
710070	3	42	18	57	60
710080	3	61	18	76	60
710090	20	61	35	76	60
710100	88	61	103	76	60
710110	105	61	120	76	60
710121	122	61	137	76	60
710122	190	61	205	76	60
710130	139	61	154	76	60
710140	156	61	171	76	60
710150	88	4	103	19	60

# ani_id	sprite1_id	time1	sprite2_id	time2	...
[ANIMATIONS]
71001	710010	100
71002	710020	100
71003	710030	100
71004	710040	100
71005	710050	100
71006	710060	100
71007	710070	100
71008	710080	100
71009	710090	100
71010	710100	100
71011	710110	100
71012	710121	250	710122	400
71013	710130	100
71014	710140	100
71015	710150	100