# id	left	top	right	bottom	texture_id
[SPRITES]
#RED
#WALK LEFT
371001	6	142	21	167	10
371002	28	141	43	167	10

#WALK RIGHT
371003	5	175	20	201	10
371004	27	174	42	201	10

#IDLE
372001	296	141	311	166	10

#SPIN
373001	296	141	311	166	10
373002	314	141	329	166	10
373003	332	141	347	166	10

#GREEN
#WALK LEFT
371101	135	176	150	201	10
371102	157	175	172	201	10

#WALK RIGHT
371103	178	175	193	201	10
371104	200	176	215	201	10

#IDLE
372101	296	173	311	198	10

#SPIN
373101	296	173	311	198	10
373102	314	173	329	198	10
373103	332	173	347	198	10

# ani_id	sprite1_id	time1	sprite2_id	time2	...
[ANIMATIONS]
37001	371001	200	371002	200
37002	371003	200	371004	200
37100	372001	100
37200	373001	70	373002	70	373003	70

37003	371101	200	371102	200
37004	371103	200	371104	200
37300	372101	100
37400	373101	70	373102	70	373103	70