# id	left	top	right	bottom	texture_id
[SPRITES]
1310000	620	233	627	239	20
1310001	548	241	555	247	20
1310002	557	241	564	247	20
1310003	566	241	573	247	20
1310004	575	241	582	247	20
1310005	584	241	591	247	20
1310006	593	241	600	247	20
1310007	602	241	609	247	20
1310008	611	241	618	247	20
1310009	620	241	627	247	20

# ani_id	sprite1_id	time1	sprite2_id	time2	...
[ANIMATIONS]
131000	1310000	100
131001	1310001	100
131002	1310002	100
131003	1310003	100
131004	1310004	100
131005	1310005	100
131006	1310006	100
131007	1310007	100
131008	1310008	100
131009	1310009	100
