# id	left	top	right	bottom	texture_id
[SPRITES]
#The first line each is idle, then shoot
#TOPLEFT
411001	250	308	265	339	10
411002	267	308	282	339	10

#BOTLEFT
412001	216	308	231	339	10
412002	233	308	248	339	10

#TOPRIGHT
413001	284	308	299	339	10
413002	301	308	316	339	10

#TOPLEFT
414001	318	308	333	339	10
414002	335	308	350	339	10

# ani_id	sprite1_id	time1	sprite2_id	time2	...
[ANIMATIONS]
41011	411002	100
41012	411001	100
41021	412002	100
41022	412001	100
41031	413001	100
41032	413002	100
41041	414001	100
41042	414002	100
