# id	left	top	right	bottom	texture_id
[SPRITES]
340001	7	418	32	443	40
340004	63	418	88	443	40
340002	35	418	60	443	40

340011	12	452	27	467	40
340012	12	472	27	487	40
340013	12	492	27	507	40

340021	40	452	55	467	40
340022	40	472	55	487	40
340023	40	492	55	507	40

340031	68	452	83	467	40
340032	68	472	83	487	40
340033	68	492	83	507	40


# ani_id	sprite1_id	time1	sprite2_id	time2	...
[ANIMATIONS]
34000	340001	200	340001	200	340001	200
34001	340002	200	340002	200	340002	200
34002	340004	200	340004	200	340004	200

34003	340011	50	340012	50	340013	50
34004	340021	50	340022	50	340023 	50
34005	340031	50	340032	50	340033	50