# id	left	top	right	bottom	texture_id
[SPRITES]
750001	106	4	113	11	60
750002	115	4	122	11	60
750003	124	4	131	11	60
750004	133	4	140	11	60
750005	106	13	113	20	60
750006	115	13	122	20	60
750007	124	13	131	20	60
750008	133	13	140	20	60
750009	106	22	113	29	60
750010	115	22	122	29	60
750011	124	22	131	29	60
750012	133	22	140	29	60
750013	106	31	113	38	60
750014	115	31	122	38	60
750015	124	31	131	38	60
750016	133	31	140	38	60


# ani_id	sprite1_id	time1	sprite2_id	time2	...
[ANIMATIONS]
75001	750001	100
75002	750002	100
75003	750003	100
75004	750004	100
75005	750005	100
75006	750006	100
75007	750007	100
75008	750008	100
75009	750009	100
75010	750010	100
75011	750011	100
75012	750012	100
75013	750013	100
75014	750014	100
75015	750015	100
75016	750016	100